[
{
"Name" : "Pino",
"Matrix": [
[[1.0, 0.0, 0.0, 32.219451904296875], [0.0, 1.0, 0.0, 17.935863494873047], [0.0, 0.0, 1.0, -13.280016899108887], [0.0, 0.0, 0.0, 1.0]],
[[0.9144386649131775, 0.01366623118519783, 0.020166093483567238, 28.906494140625], [-0.013058273121714592, 0.9142580628395081, -0.027445657178759575, 18.341650009155273], [-0.020564986392855644, 0.02714805118739605, 0.914128839969635, -10.869611740112305], [0.0, 0.0, 0.0, 1.0]],
[[0.7925503849983215, -0.015835780650377274, -0.026892879977822304, 23.7506046295166], [0.017873991280794144, 0.7905966639518738, 0.06121791899204254, 17.33638572692871], [0.025583574548363686, -0.061776548624038696, 0.7903412580490112, -9.702240943908691], [0.0, 0.0, 0.0, 1.0]],
[[0.6272873282432556, 0.0233176127076149, 0.3620605170726776, 21.940099716186523], [-0.01630612649023533, 0.7242352962493896, -0.018391432240605354, 16.743728637695312], [-0.3624439835548401, 0.00777325639501214, 0.6274511218070984, -6.37307071685791], [0.0, 0.0, 0.0, 1.0]],
[[0.41440457105636597, 0.009019703604280949, -0.022113032639026642, 27.420259475708008], [-0.00746122794225812, 0.4140075445175171, 0.02904432639479637, 15.831530570983887], [0.022686371579766273, -0.028598735108971596, 0.4134839177131653, -8.318689346313477], [0.0, 0.0, 0.0, 1.0]],
[[0.45955967903137207, 0.07567619532346725, 0.13104873895645142, 25.247650146484375], [-0.06366890668869019, 0.4767933785915375, -0.052058834582567215, 16.226959228515625], [-0.13728412985801697, 0.03220195323228836, 0.4628303050994873, -7.475588321685791], [0.0, 0.0, 0.0, 1.0]],
[[0.3562999665737152, 0.0, -0.4024496376514435, 32.41401290893555], [0.0, 0.537508487701416, 0.0, 16.28740692138672], [0.4024496376514435, 0.0, 0.3562999665737152, -9.453633308410645], [0.0, 0.0, 0.0, 1.0]],
[[0.6312383413314819, 0.0, 0.34990110993385315, 34.78118133544922], [0.0, 0.7217289209365845, 0.0, 16.99217987060547], [-0.34990110993385315, 0.0, 0.6312383413314819, -11.107409477233887], [0.0, 0.0, 0.0, 1.0]],
[[1.403860092163086, 0.018323317170143127, 0.0067627932876348495, 38.25086975097656], [-0.018567241728305817, 1.402859091758728, 0.053347039967775345, 19.1350154876709], [-0.00606109481304884, -0.05343130975961685, 1.4029656648635864, -12.080219268798828], [0.0, 0.0, 0.0, 1.0]],
[[0.985537052154541, 0.05627388879656792, 0.15984392166137695, 43.666175842285156], [-0.052551258355379105, 0.9982415437698364, -0.027425039559602737, 18.0802059173584], [-0.1611061543226242, 0.01862839236855507, 0.9867612719535828, -15.251721382141113], [0.0, 0.0, 0.0, 1.0]],
[[0.5574185848236084, 0.006878613028675318, 0.43128007650375366, 46.675655364990234], [-0.008708114735782146, 0.7047619223594666, 1.4559849660145119e-05, 16.87056541442871], [-0.4312470257282257, -0.0053400504402816296, 0.5574610233306885, -13.799605369567871], [0.0, 0.0, 0.0, 1.0]],
[[0.3098263442516327, 0.2183624655008316, 0.21980059146881104, 50.03177261352539], [-0.30982640385627747, 0.21980051696300507, 0.2183624655008316, 15.831530570983887], [-0.0014380792854353786, -0.30982640385627747, 0.3098263442516327, -13.415129661560059], [0.0, 0.0, 0.0, 1.0]],
[[0.7301619052886963, 0.0, 0.1784915030002594, 56.04426956176758], [0.0, 0.7516619563102722, 0.0, 17.050851821899414], [-0.1784915030002594, 0.0, 0.7301619052886963, -14.338397026062012], [0.0, 0.0, 0.0, 1.0]],
[[0.42021188139915466, -0.004331809002906084, -0.2829350233078003, 67.1249008178711], [0.011156764812767506, 0.506405770778656, 0.008816694840788841, 16.309837341308594], [0.28274816274642944, -0.013544111512601376, 0.42014169692993164, -14.849183082580566], [0.0, 0.0, 0.0, 1.0]],
[[0.5354480147361755, 0.018704911693930626, 0.3972451984882355, 21.28507423400879], [-0.006891635246574879, 0.666575014591217, -0.022097479552030563, 16.936838150024414], [-0.397625595331192, 0.013635225594043732, 0.5353186726570129, -3.1238861083984375], [0.0, 0.0, 0.0, 1.0]],
[[0.37270426750183105, 0.014855388551950455, -0.1472836285829544, 23.356077194213867], [-0.02036321349442005, 0.40035319328308105, -0.01114893238991499, 15.831530570983887], [0.1466236412525177, 0.0178403090685606, 0.3728335499763489, -1.849503517150879], [0.0, 0.0, 0.0, 1.0]],
[[0.884462833404541, -0.017564810812473297, 0.3946869373321533, 19.4648380279541], [0.006310673430562019, 0.968237042427063, 0.028947863727808, 18.14467430114746], [-0.39502716064453125, -0.02385960891842842, 0.884163498878479, 0.04207068681716919], [0.0, 0.0, 0.0, 1.0]],
[[1.1252448558807373, 0.0, 0.0, 21.51854705810547], [0.0, 1.1252448558807373, 0.0, 18.561655044555664], [0.0, 0.0, 1.1252448558807373, 4.347290515899658], [0.0, 0.0, 0.0, 1.0]],
[[-0.030630547553300858, 0.011717760004103184, 0.4519886374473572, 24.865013122558594], [0.0012093293480575085, 0.45302513241767883, -0.011662677861750126, 16.116239547729492], [-0.45213890075683594, 0.0004178698000032455, -0.03065156191587448, 5.864875316619873], [0.0, 0.0, 0.0, 1.0]],
[[0.5279373526573181, 0.062246598303318024, -0.4595052897930145, 23.08887481689453], [-0.04343986138701439, 0.6998817920684814, 0.04489989951252937, 17.1925106048584], [0.46166300773620605, -0.005327556747943163, 0.529694676399231, 9.24614429473877], [0.0, 0.0, 0.0, 1.0]],
[[0.8890755772590637, -0.004096619784832001, 0.20509973168373108, 26.377254486083984], [0.006479891017079353, 0.9123589396476746, -0.009866059757769108, 18.152429580688477], [-0.20503826439380646, 0.011070041917264462, 0.8890303373336792, 9.536750793457031], [0.0, 0.0, 0.0, 1.0]],
[[0.682513952255249, 0.04735489562153816, -0.2696004807949066, 29.658964157104492], [-0.04705553129315376, 0.7337865233421326, 0.009763790294528008, 17.209423065185547], [0.2696528732776642, 0.008189572021365166, 0.6840851306915283, 11.79693603515625], [0.0, 0.0, 0.0, 1.0]],
[[0.522620677947998, -0.021143199875950813, -0.08248275518417358, 32.030982971191406], [0.015265901573002338, 0.5278832316398621, -0.0385882668197155, 16.52695083618164], [0.08376986533403397, 0.03570808470249176, 0.5216228365898132, 10.409253120422363], [0.0, 0.0, 0.0, 1.0]],
[[0.7155541181564331, 0.0037119612097740173, 0.6985474228858948, 35.14912033081055], [0.03177028149366379, 0.998778223991394, -0.03785109892487526, 18.1945743560791], [-0.6978344321250916, 0.04927755892276764, 0.714561939239502, 11.22484016418457], [0.0, 0.0, 0.0, 1.0]],
[[0.6964077353477478, -0.06950509548187256, -0.5278497934341431, 39.65187072753906], [0.022065168246626854, 0.8721262216567993, -0.0857267901301384, 17.68155288696289], [0.5319486856460571, 0.05481783673167229, 0.6945974826812744, 10.850751876831055], [0.0, 0.0, 0.0, 1.0]],
[[0.4469490051269531, -0.002416513627395034, -0.21411976218223572, 39.26836013793945], [0.015670981258153915, 0.4946058392524719, 0.027129245921969414, 16.095876693725586], [0.21355919539928436, -0.03123677335679531, 0.4461314082145691, 8.203047752380371], [0.0, 0.0, 0.0, 1.0]],
[[0.39553385972976685, 0.0, 0.0, 44.30376434326172], [0.0, 0.39553385972976685, 0.0, 15.831530570983887], [0.0, 0.0, 0.39553385972976685, 12.968441009521484], [0.0, 0.0, 0.0, 1.0]],
[[0.6844726204872131, 0.0, -0.14541445672512054, 42.711639404296875], [0.0, 0.6997485756874084, 0.0, 16.66090965270996], [0.14541445672512054, 0.0, 0.6844726204872131, 14.685263633728027], [0.0, 0.0, 0.0, 1.0]],
[[0.8459380865097046, -0.028370589017868042, -0.5325260162353516, 50.01498031616211], [-0.0034851771779358387, 0.9982684254646301, -0.05871959030628204, 17.959625244140625], [0.5332698225975037, 0.05152907967567444, 0.8443743586540222, 14.044172286987305], [0.0, 0.0, 0.0, 1.0]],
[[0.6639414429664612, 0.026561705395579338, 0.44296690821647644, 55.8294677734375], [-0.03028891794383526, 0.7980099320411682, -0.0024526440538465977, 16.95842170715332], [-0.442727655172348, -0.014761767350137234, 0.664467990398407, 14.040167808532715], [0.0, 0.0, 0.0, 1.0]],
[[0.6487792730331421, -0.006449816282838583, 0.1561295986175537, 79.56474304199219], [0.014492619782686234, 0.6663735508918762, -0.03269415348768234, 16.849323272705078], [-0.1555892378091812, 0.03517589345574379, 0.6479871273040771, 14.627665519714355], [0.0, 0.0, 0.0, 1.0]],
[[0.9494827389717102, 0.034328803420066833, -0.5918745994567871, 81.94295501708984], [-0.014433606527745724, 1.118509292602539, 0.04171933978796005, 18.53082847595215], [0.592693567276001, -0.027755465358495712, 0.9491867423057556, -14.536337852478027], [0.0, 0.0, 0.0, 1.0]],
[[0.529026448726654, 0.0029766119550913572, 0.33360230922698975, 88.94719696044922], [0.024250522255897522, 0.623412013053894, -0.0440189503133297, 16.786663055419922], [-0.33273303508758545, 0.05016866698861122, 0.5272002816200256, -14.139434814453125], [0.0, 0.0, 0.0, 1.0]],
[[0.45290493965148926, 0.017316531389951706, -0.2780298888683319, 85.36725616455078], [-0.0189750287681818, 0.5313742756843567, 0.002185637131333351, 16.4697265625], [0.2779216468334198, 0.008060184307396412, 0.4532305896282196, -13.244450569152832], [0.0, 0.0, 0.0, 1.0]],
[[0.9866775274276733, 0.0, -0.16268837451934814, 101.2123794555664], [0.0, 1.0, 0.0, 17.827938079833984], [0.16268837451934814, 0.0, 0.9866775274276733, -14.536338806152344], [0.0, 0.0, 0.0, 1.0]],
[[0.5863322019577026, -0.011329267174005508, 0.22785575687885284, 117.73263549804688], [0.004097105003893375, 0.6287972331047058, 0.020721642300486565, 16.856998443603516], [-0.22810044884681702, -0.01782752387225628, 0.586075484752655, -18.94835662841797], [0.0, 0.0, 0.0, 1.0]],
[[0.458543062210083, 0.03347117826342583, 0.3174571692943573, 98.3639907836914], [-0.027302158996462822, 0.5577101707458496, -0.019366400316357613, 16.46967887878418], [-0.31804710626602173, 0.00038134437636472285, 0.459354966878891, -13.042101860046387], [0.0, 0.0, 0.0, 1.0]],
[[0.34196868538856506, 0.0, 0.3170158863067627, 105.08805847167969], [0.0, 0.46630632877349854, 0.0, 16.31502914428711], [-0.3170158863067627, 0.0, 0.34196868538856506, -8.699479103088379], [0.0, 0.0, 0.0, 1.0]],
[[-0.3597181439399719, 0.055194973945617676, 0.6189323663711548, 108.2483901977539], [0.0016723143635317683, 0.7152432203292847, -0.06281181424856186, 17.227081298828125], [-0.6213863492012024, -0.030027247965335846, -0.35846662521362305, -12.002492904663086], [0.0, 0.0, 0.0, 1.0]],
[[0.3677578270435333, 0.0, -0.2586395740509033, 107.60957336425781], [0.0, 0.44960010051727295, 0.0, 15.993078231811523], [0.2586395740509033, 0.0, 0.3677578270435333, -9.119732856750488], [0.0, 0.0, 0.0, 1.0]],
[[0.8939359188079834, 0.0, -0.403510719537735, 110.49125671386719], [0.0, 0.9807865023612976, 0.0, 18.341650009155273], [0.403510719537735, 0.0, 0.8939359188079834, -15.03982162475586], [0.0, 0.0, 0.0, 1.0]],
[[0.7391610145568848, 0.05541747063398361, 0.08443763107061386, 113.83491516113281], [-0.052448075264692307, 0.743621289730072, -0.028921160846948624, 16.95992088317871], [-0.08631343394517899, 0.022718681022524834, 0.7406710982322693, -16.951934814453125], [0.0, 0.0, 0.0, 1.0]],
[[0.452685683965683, 0.013832640834152699, 0.1421726644039154, 115.38167572021484], [-0.013777786865830421, 0.4744824469089508, -0.002295381622388959, 16.212478637695312], [-0.1421779990196228, -0.0019375629490241408, 0.45289117097854614, -19.272624969482422], [0.0, 0.0, 0.0, 1.0]],
[[0.7996162176132202, 0.18271586298942566, -0.8291857242584229, 121.44879150390625], [-0.07050236314535141, 1.1493568420410156, 0.1852792501449585, 18.440587997436523], [0.8461461663246155, -0.07690183818340302, 0.7990261912345886, -19.692697525024414], [0.0, 0.0, 0.0, 1.0]],
[[0.7392907738685608, -0.020786510780453682, -0.3148941397666931, 125.74536895751953], [0.02028563991189003, 0.8035547733306885, -0.005418063141405582, 17.340129852294922], [0.31492680311203003, -0.002963696140795946, 0.7395630478858948, -19.34140396118164], [0.0, 0.0, 0.0, 1.0]],
[[0.2129640430212021, -0.010773326270282269, 0.3553328514099121, 127.74504089355469], [0.0015933362301439047, 0.4142390489578247, 0.011604356579482555, 15.831530570983887], [-0.35549256205558777, -0.004597309045493603, 0.2129203975200653, -17.53089714050293], [0.0, 0.0, 0.0, 1.0]],
[[0.7085983157157898, 0.04577520117163658, -0.22037050127983093, 130.12301635742188], [-0.04455902799963951, 0.7420690655708313, 0.010863123461604118, 17.113248825073242], [0.22061963379383087, 0.002853997517377138, 0.7099921703338623, -18.63882064819336], [0.0, 0.0, 0.0, 1.0]],
[[-0.8275595307350159, -0.03275902196764946, 0.5604212880134583, 134.01426696777344], [-0.028958315029740334, 0.9994578957557678, 0.015660597011446953, 18.341650009155273], [-0.5606305003166199, -0.003268779255449772, -0.8280596137046814, -17.649795532226562], [0.0, 0.0, 0.0, 1.0]],
[[-0.4590909779071808, 0.0, -1.2956959009170532, 139.0728759765625], [0.0, 1.3746241331100464, 0.0, 18.977296829223633], [1.2956959009170532, 0.0, -0.4590909779071808, -14.244961738586426], [0.0, 0.0, 0.0, 1.0]],
[[0.23975330591201782, 0.006418783217668533, 0.47250086069107056, 22.542856216430664], [-0.00046392445801757276, 0.5298408269882202, -0.006962326820939779, 16.581382751464844], [-0.47254425287246704, 0.0027365018613636494, 0.2397381216287613, 1.0201513767242432], [0.0, 0.0, 0.0, 1.0]],
[[0.4575499892234802, 0.0047696917317807674, -0.6438004970550537, 85.43578338623047], [-0.014233645051717758, 0.7897043824195862, -0.004265232011675835, 17.29509925842285], [0.6436607837677002, 0.014072628691792488, 0.4575549066066742, 14.245027542114258], [0.0, 0.0, 0.0, 1.0]],
[[0.06164272129535675, 0.01595228910446167, 0.4958667457103729, 102.85017395019531], [6.041844608262181e-05, 0.4996793866157532, -0.01608245261013508, 16.250404357910156], [-0.4961232841014862, 0.002042904030531645, 0.06160888820886612, 11.559638977050781], [0.0, 0.0, 0.0, 1.0]],
[[0.39453718066215515, 0.024069959297776222, -0.008346050046384335, 91.47369384765625], [-0.023920247331261635, 0.39456936717033386, 0.007170278113335371, 15.831530570983887], [0.00876592006534338, -0.006650418974459171, 0.39520567655563354, 14.424026489257812], [0.0, 0.0, 0.0, 1.0]],
[[-1.0245052576065063, 0.0, -0.32494860887527466, 95.77027130126953], [0.0, 1.0748034715652466, 0.0, 18.341650009155273], [0.32494860887527466, 0.0, -1.0245052576065063, 14.153800964355469], [0.0, 0.0, 0.0, 1.0]],
[[0.48469817638397217, 0.016278941184282303, -0.6463034749031067, 100.12089538574219], [0.006438747514039278, 0.8076078295707703, 0.02517060562968254, 17.313907623291016], [0.6464763283729553, -0.0202487763017416, 0.4843178391456604, 14.505093574523926], [0.0, 0.0, 0.0, 1.0]],
[[0.46733954548835754, 0.004329209681600332, 0.0625498965382576, 110.46421813964844], [0.0021821127738803625, 0.4689933955669403, -0.04876360297203064, 15.964590072631836], [-0.0626615509390831, 0.04862004145979881, 0.4648086428642273, 13.671896934509277], [0.0, 0.0, 0.0, 1.0]],
[[0.5417738556861877, 0.07405292987823486, 0.5728340744972229, 105.30381774902344], [-0.006216657813638449, 0.786089301109314, -0.09574186056852341, 17.088239669799805], [-0.5775673389434814, 0.06100256368517876, 0.5383643507957458, 8.884407043457031], [0.0, 0.0, 0.0, 1.0]],
[[-0.7173287868499756, -0.034244097769260406, -0.8304070830345154, 109.03292846679688], [-0.002488758647814393, 1.0970168113708496, -0.043088629841804504, 18.341650009155273], [0.8311091065406799, -0.026270996779203415, -0.7168518304824829, 8.300721168518066], [0.0, 0.0, 0.0, 1.0]],
[[-0.6511791348457336, 0.04913173243403435, 0.16104848682880402, 108.35195922851562], [0.050205547362565994, 0.6707172393798828, -0.0016187342116609216, 16.9338436126709], [-0.1607169657945633, 0.010454188100993633, -0.6530280113220215, 11.932548522949219], [0.0, 0.0, 0.0, 1.0]],
[[0.32903435826301575, -0.04135036841034889, 0.023586193099617958, 144.40660095214844], [0.04307064414024353, 0.3287465274333954, -0.024502988904714584, 16.6849422454834], [-0.02027512528002262, 0.027306120842695236, 0.33071595430374146, 12.172298431396484], [0.0, 0.0, 0.0, 1.0]],
[[0.6578692197799683, 0.02708066627383232, -0.03526471182703972, 143.78297424316406], [-0.027547184377908707, 0.6587454080581665, -0.008030048571527004, 17.42483139038086], [0.03490150719881058, 0.009485060349106789, 0.6583773493766785, 14.312481880187988], [0.0, 0.0, 0.0, 1.0]],
[[0.4567587673664093, 0.011759075336158276, -0.1383247673511505, 140.0084686279297], [-0.01495455764234066, 0.47707343101501465, -0.008824752643704414, 16.437406539916992], [0.13801586627960205, 0.012776507996022701, 0.4568248689174652, 12.678160667419434], [0.0, 0.0, 0.0, 1.0]],
[[1.4130349159240723, 0.012791198678314686, 0.866185188293457, 140.63107299804688], [-0.01173360738903284, 1.6573904752731323, -0.005333740264177322, 19.61431121826172], [-0.8662002086639404, -0.0015848028706386685, 1.4130828380584717, 16.452665328979492], [0.0, 0.0, 0.0, 1.0]],
[[0.6527004241943359, 0.0, -0.7576161026954651, 136.38961791992188], [0.0, 1.0, 0.0, 18.060142517089844], [0.7576161026954651, 0.0, 0.6527004241943359, 17.503299713134766], [0.0, 0.0, 0.0, 1.0]],
[[0.38083118200302124, 0.0, 0.07044124603271484, 111.27271270751953], [0.0, 0.3872910737991333, 0.0, 15.780654907226562], [-0.07044124603271484, 0.0, 0.38083118200302124, 15.97274398803711], [0.0, 0.0, 0.0, 1.0]],
[[0.5022491216659546, -0.03623713552951813, 0.0045938752591609955, 133.23770141601562], [0.036133814603090286, 0.5021650195121765, 0.010632675141096115, 16.83641815185547], [-0.005346131045371294, -0.01027503702789545, 0.5034424066543579, 16.997440338134766], [0.0, 0.0, 0.0, 1.0]],
[[0.6412056088447571, 0.0, -0.1962062269449234, 130.94186401367188], [0.0, 0.6705531477928162, 0.0, 17.64382553100586], [0.1962062269449234, 0.0, 0.6412056088447571, 18.515024185180664], [0.0, 0.0, 0.0, 1.0]],
[[-0.1540641337633133, -0.024221977218985558, 1.1066471338272095, 126.62258911132812], [-0.00033176172291859984, 1.1173157691955566, 0.024409299716353416, 18.8087215423584], [-1.1069122552871704, 0.0030364245176315308, -0.1540345698595047, 18.670673370361328], [0.0, 0.0, 0.0, 1.0]],
[[-0.666957437992096, 0.020176582038402557, 0.34886857867240906, 121.79744720458984], [0.014165599830448627, 0.7526469826698303, -0.01644742861390114, 17.204042434692383], [-0.34916430711746216, -0.00800547655671835, -0.6670598387718201, 18.592849731445312], [0.0, 0.0, 0.0, 1.0]],
[[0.42761990427970886, 0.0, -0.0849011242389679, 119.30705261230469], [0.0, 0.43596673011779785, 0.0, 16.081647872924805], [0.0849011242389679, 0.0, 0.42761990427970886, 19.448923110961914], [0.0, 0.0, 0.0, 1.0]],
[[0.5349778532981873, 0.061964355409145355, -0.1964511126279831, 117.59490966796875], [-0.052167925983667374, 0.5696470141410828, 0.037613045424222946, 16.590681076049805], [0.19927650690078735, -0.017223592847585678, 0.5372394323348999, 17.931337356567383], [0.0, 0.0, 0.0, 1.0]],
[[-0.18031461536884308, -0.05202870070934296, -0.9822319746017456, 114.52082061767578], [-0.005609212443232536, 0.9986382126808167, -0.0518680140376091, 18.068340301513672], [0.9835929870605469, -0.00384301389567554, -0.18036091327667236, 15.830065727233887], [0.0, 0.0, 0.0, 1.0]]
]
}
]
